0.061580195662866176 -0.9954624465302634 0.07254238106173645 -1.1227654328225591
0.8763735963561632 0.01914300086418743 -0.4812513533775037 23.375092044653258
0.4776789707658149 0.093209779883319 0.8735758340420225 -40.54826320416571
0.0 0.0 0.0 1.0

0.06469149647023853 -0.9838959094680424 0.16662487694367656 -12.461488557107598
0.8850374068513807 -0.020568287804536574 -0.46506530080255787 9.448512424649255
0.4610030355195342 0.177555019272461 0.8694540910093707 -46.61056139789911
0.0 0.0 0.0 1.0

0.06423805320733833 -0.9865272784872832 0.15045730730212384 7.5958258597666575
0.899048554053927 -0.008223618277812346 -0.4377717094056718 9.3384008057153
0.43311103654106337 0.16339002693829077 0.8864076540302607 -49.93220216877316
0.0 0.0 0.0 1.0

0.0680791448200896 -0.9913363010486584 0.1123279496106309 -2.376177095804654
0.8713778092889105 0.004252058120954364 -0.4905941637245542 9.560682123453097
0.48586617861240755 0.13127931377372143 0.864117930756952 -48.197555006352474
0.0 0.0 0.0 1.0

0.06616790391586595 -0.9912869462450733 0.11389468247244028 -11.472410256328128
0.878480834861028 0.003745213023482253 -0.4777629078960401 23.202341505778232
0.47317357414933053 0.13166686592885085 0.8710743970196934 -39.23168099563956
0.0 0.0 0.0 1.0

0.06558964154442198 -0.992438648380018 0.10374742466065098 8.625570298737705
0.8742901112589699 0.007043546788158568 -0.48535264478873663 23.406805856501585
0.4809519729420525 0.12253945344372248 0.8681412800189043 -42.1835588889877
0.0 0.0 0.0 1.0

0.15242155832435889 -0.9883074375985046 -0.004009656525375672 11.16748877943708
-0.20305282118651471 -0.027344762544545063 -0.9787858886240541 30.812403491343506
0.9672317304380431 0.15000224247943722 -0.20484654472304067 -23.34670320261954
0.0 0.0 0.0 1.0

0.1497612692793157 -0.988209192743202 -0.031845778396474705 1.2354974224918214
-0.19993231268570577 0.0012757011176794263 -0.9798088808185008 30.58273589238681
0.9682967688513651 0.15310442176660816 -0.19738389870381792 -21.351139502303365
0.0 0.0 0.0 1.0

0.15117306184363752 -0.9872864884817958 -0.04911308414368394 -8.916889931743988
-0.17023543539461358 0.022939717755666545 -0.9851363691821029 30.47283915346901
0.9737384668938712 0.1572868685255549 -0.16460327785496462 -19.934362323712293
0.0 0.0 0.0 1.0

0.15046302553610683 -0.9882002754738296 -0.028654729103025942 3.7747008360920997
-0.20202819422497112 -0.002361864131926565 -0.9793768581787192 27.073999334478316
0.9677528024680262 0.1531490683983068 -0.19999969040979168 -6.329044238630883
0.0 0.0 0.0 1.0

0.1427056571614905 -0.9896218667193096 -0.01684209978286061 -6.391229905428321
-0.24032576484898954 -0.01813844743392149 -0.9705228093529975 27.14965412486921
0.9601451047439941 0.1425466858109145 -0.24042009109154971 -4.863129742611829
0.0 0.0 0.0 1.0

0.14674687033612202 -0.9863690775282925 -0.07444057322817074 13.6628825972555
-0.2337986216503148 0.038536657269247564 -0.9715210396903021 27.311700462555564
0.9611470025760717 0.15997177545585284 -0.22495659691712938 -7.920170936545407
0.0 0.0 0.0 1.0

0.035871363122346914 -0.9731328552022734 -0.22743282839910273 16.21514764369739
-0.9918171829702404 -0.006764878997556672 -0.12748690904216323 -1.941715518476781
0.12252314423292109 0.23014491638534929 -0.9654125525335063 3.0388652039451682
0.0 0.0 0.0 1.0

0.004595533621987973 -0.9934677064158056 -0.11402103919737121 16.10615624746055
-0.9997161105311705 -0.0018985560395093708 -0.02375065955703161 13.63111457260179
0.02337903794338754 0.11409781677965673 -0.9931943962744446 2.4304495624269693
0.0 0.0 0.0 1.0

-0.004398692502303506 -0.9874483926546033 -0.15788072506835937 6.576536033185882
-0.9990116987396499 -0.002643898584447943 0.04436930900514609 13.914463752568466
-0.04422982348584671 0.1579198582956427 -0.986460866466732 3.693671755938448
0.0 0.0 0.0 1.0

0.03161567643879939 -0.9794459298808162 -0.19921375314776932 6.9877090927080445
-0.9968423034660194 -0.016373420245011868 -0.07770027754159288 -1.626805216069264
0.07284141008984862 0.20104124340389334 -0.9768707936194732 4.582950165474547
0.0 0.0 0.0 1.0

0.0034818035646719757 -0.9817193552365953 -0.19030235047886498 -3.9669206931022982
-0.9998336135456017 -0.006825208200730923 0.0169163163058919 13.730561127789224
-0.01790592829990521 0.19021178745509026 -0.9815797744681064 5.636766008525238
0.0 0.0 0.0 1.0

0.0213830914593952 -0.9898327696752143 -0.14061952736634292 -3.6174368846818648
-0.9983935057781177 -0.013759572913042733 -0.05496436821550881 -2.0706965811879074
0.05247066818441078 0.14156893102070514 -0.9885368312561437 6.42531961448274
0.0 0.0 0.0 1.0

-0.1408885863442393 -0.9857137160016525 -0.09229775904178927 5.638970759453039
-0.5059052211368114 -0.008455742685939184 0.8625476263036974 -16.646501421024013
-0.8510054720531685 0.16821703392297574 -0.49748639783789106 -3.1791644379197113
0.0 0.0 0.0 1.0

-0.14611508900635 -0.9840163557298722 -0.10179485458886672 12.099114741579433
-0.5117154776289293 -0.012884306373683081 0.8590583592540528 -24.564576230844324
-0.846639032126244 0.1776113912601644 -0.5016538078944139 -18.180009109756664
0.0 0.0 0.0 1.0

-0.13837888650057767 -0.9865203751999866 -0.08734319141260213 3.4374473737701705
-0.505949213368095 -0.005397622805506866 0.8625463808748229 -24.459955796759246
-0.8513910248898954 0.16354942672882622 -0.49838229077045487 -16.332899654025383
0.0 0.0 0.0 1.0

-0.14142473789408885 -0.9805235746428324 -0.136281191223259 15.125299917906958
-0.506802516277624 -0.04654359332451872 0.8608047998327552 -16.80129070680616
-0.8503824157437971 0.1908067438275809 -0.49034939941194877 -5.013378801649813
0.0 0.0 0.0 1.0

-0.14351109282251814 -0.9845784124137215 -0.10004956794390965 -4.926949067521182
-0.46783049368931473 -0.021593373403144447 0.8835543873466329 -16.68191679480734
-0.8720889836543624 0.1736060944608478 -0.45751691614054296 -1.3908911750925947
0.0 0.0 0.0 1.0

-0.1325355210127512 -0.9804482513644798 -0.14544951724296923 -6.413384456294062
-0.501721931285781 -0.06019397556603313 0.862932088273707 -25.00739726498798
-0.85481544168127 0.18734436661370438 -0.4839345502868806 -15.22515484701096
0.0 0.0 0.0 1.0

-0.13146877703228116 -0.9863506923236882 0.09913764380000697 7.697859799058442
0.7183859022430188 -0.025881745337508894 0.6951631684121131 -8.658026834257777
-0.6831088171910241 0.1626113372765412 0.7119830734399621 -47.21625607978112
0.0 0.0 0.0 1.0

-0.11778922527934678 -0.990867705092789 0.06562689549446239 0.15806497770391134
0.7359588190242421 -0.04273576611592005 0.6756761583739124 -20.271339202045986
-0.6667010687771051 0.12788606373892022 0.7342716388318634 -35.10672308492103
0.0 0.0 0.0 1.0

-0.12003218827098476 -0.9904879237352604 0.06727515673331261 10.008850387980617
0.7732650650853635 -0.05077868734625543 0.6320464097120718 -19.97227127120089
-0.6226181919101045 0.12788744209657235 0.7720047857731116 -36.80850656944711
0.0 0.0 0.0 1.0

-0.11861673559210527 -0.9911607702838061 0.05941714809618971 -1.5781990896430236
0.7589543272077465 -0.05191766186324359 0.6490707862778069 -8.881952949771145
-0.6402487010920905 0.12208555949442113 0.7584040591352507 -45.37717863669415
0.0 0.0 0.0 1.0

-0.11335653085794692 -0.9901769607705754 0.08185281467974814 -11.845245446126517
0.753408620158158 -0.03195879489453367 0.656775522153703 -8.731277936895939
-0.6477080731187712 0.13611841090769092 0.7496305958462028 -44.10232013328863
0.0 0.0 0.0 1.0

-0.12100953066594367 -0.9922252174374349 0.02908283633422577 -10.683318164532018
0.7522668149768813 -0.0725505675106339 0.6548519330645848 -20.573646715285705
-0.6476506253934652 0.10112137773547326 0.7551974141854121 -33.59326242496719
0.0 0.0 0.0 1.0

